-0.3917789084095289 -1.1566316553702292 1
0.034410880193646465 0.48943775574051473 1
0.00442010349243005 -1.1808559924833317 1
-0.5555277322185547 0.48748430780662777 1
-2.263054099245336 -2.2091385591838937 1
-1.3129778889626078 -1.7593031650840518 1
0.0021303225264932557 -1.181246169823359 1
-1.268234313868325 -2.4095101715140483 1
-0.8661933818667963 -1.479425085378879 1
-2.131881847588248 -1.3805100001141692 1
-1.2853652849123978 -1.5397277589241711 1
-1.0369244211487816 -0.9567634079434051 1
-1.2798967629593072 -1.2082537312051294 1
-2.198580527472691 -0.6209558241060595 1
-2.0453585189147407 -1.5564675256318838 1
0.1692426929610571 0.07379683619163213 1
-0.6826986391816243 -1.1099266919119937 1
-2.2461732036538358 -2.1905149857032358 1
-1.32475093856979 -0.6533469636724551 1
-1.4998339462524526 0.06407512374347513 1
-2.248048374823476 -1.5760804658356244 1
-1.3599700807415989 -0.6128985828492639 1
-1.1444806384054758 -0.10942899605443435 1
-1.165366883866633 -1.1085979737371499 1
-0.589931519089071 -0.9801113981377105 1
-2.0117375884603788 -2.108225401462738 1
-0.6621490268329716 -1.0201654337000579 1
-0.11743983856796703 -1.1633487793500445 1
0.6014101896845461 -0.69625083669395 1
-1.0071488757546618 -1.8080346761101898 1
-2.131417585215898 -0.7246252089877331 1
0.08711589097271188 -0.8689094439866668 1
-1.684938834634884 -1.2013527152497308 1
-1.7566658352945161 -2.4769062147869345 1
-1.257893063035321 -1.213028007915516 1
-2.0143056072327776 -0.4670988368706096 1
-0.6703821132899483 -0.9293075618834852 1
-1.0274106539873156 -1.2187086101175295 1
-0.2325020479544987 -1.4222430023835055 1
0.8456157247164204 0.7818145499149061 1
-0.7618410508491011 -0.981238786825553 1
-0.8388163434976094 -0.9170669126261006 1
-0.7401364847640827 0.2691198720289829 1
-0.5196943736864639 -1.1325134262795329 1
-1.4100681710460574 -0.7419436263453105 1
-0.4824361295620312 -2.190892541219502 1
-2.2176881633201946 -1.134269857383645 1
-1.6994367546566533 -0.22617217182171534 1
-0.5612040988252051 -1.1512461552827924 1
-2.231641515553634 -1.134767491171215 1
0.2724331230206132 -0.5493339179596639 1
-1.5031763894900307 -0.9033547459529664 1
0.29099471333877647 -0.9534227598324464 1
0.4735568342403269 -0.15581205159133782 1
-1.1812134575575424 -0.3071931819822725 1
1.5273666028826884 0.32492450029375997 1
0.5352541224909264 0.7003145286087948 1
-1.1384146910276183 -1.6048635414448609 1
-0.8509015445846473 -1.2315143051237518 1
0.7719347542228019 0.4911402722347067 1
-1.0028522440859364 0.006011537842343095 1
-2.047295931555679 -1.7750964741652364 1
-0.30424475116684147 -0.10725755211373678 1
-0.9750379528419162 -1.0085835693054026 1
-2.453855665061993 -0.44490009805902364 1
-1.2083178375560473 -1.361077871583034 1
-1.0460997617079582 -1.3063568733660496 1
-0.9898042007771566 -2.1079383874356306 1
-0.6983779047599656 -1.5804672875949755 1
0.5842166654800831 -0.7527277665469355 1
-1.8718694848068589 -1.693846936747994 1
-0.7680054164081977 -2.0419323863483507 1
-1.5736022602049715 -2.1284394297018006 1
-0.5260570448508275 -1.0419282224849393 1
-1.7399440776684667 -1.1901275916019578 1
-1.3316477621890588 -1.2300762237337206 1
-1.217611340764724 0.6480594259483867 1
1.399048793283133 -0.7780507740491449 1
0.39549718053908944 -1.8647511340719582 1
-0.648269194893937 -0.14719596662297108 1
0.44998305976582453 0.19815081124599132 1
-0.03115197143783599 -0.20480017994295052 1
-0.02544431586065743 -0.43472524270231305 1
-1.895951393018586 -1.574365439431535 1
-1.6231649930234728 -1.1964716242036189 1
-1.0192645482127332 -0.9370511618039948 1
0.49888488329864233 -0.09881686559975089 1
-1.3474898164199058 -1.5352635358657993 1
-0.5177563786954028 -1.6567174206337603 1
-0.22548553266142335 -1.9073812470970752 1
-1.3474134005746412 -0.21787342642471796 1
-1.3120523333105438 -1.0832427642165678 1
-0.12851753752526873 -1.6314807931034498 1
-0.6780802592867174 -0.3947600136867542 1
0.0033538403478154954 -1.0666791168048988 1
0.05432351286587633 -0.7214690150009699 1
0.13728402191154832 -0.15702025990384016 1
-0.6240234306959305 -0.024430463258008017 1
-0.22928571202831227 -1.115319730353241 1
-0.6547510906494933 0.13752597758102603 1
0.04941633422076486 -0.7394600363892886 2
1.1601837046004002 -0.19397173534993273 2
-0.2657962402182128 1.6407620793443245 2
1.3918844888199682 -1.4663580641428853 2
0.3001723794011051 0.37519350540524954 2
0.8262531260667798 -2.8708217911809735 2
1.8310405241719878 -1.3161754021992196 2
1.2600076380081415 -0.1310878150000354 2
1.4225104625078282 -1.4160767007506807 2
0.3660151957296134 -1.0209655345650661 2
-0.18805347264942274 -0.703631260810399 2
1.036054440741504 -1.017431651611856 2
0.09078217063128369 -0.37855995622345884 2
1.2806895568331007 -0.7244680509361918 2
-0.12705879663740438 -0.8005052711515303 2
2.2327023707058613 -1.8511702392039107 2
1.1013645599922366 -3.2250894580123317 2
1.3961163883681211 -2.8040527171408582 2
1.4018091201075333 -3.0049585164293227 2
1.3626856323446028 -0.1641611452166618 2
0.8665857208054966 -0.11327549774104329 2
0.9165635710329727 -0.6887473634370199 2
0.3932067941456322 0.46010450287489135 2
-0.14740581994705937 -0.8622861442695278 2
-0.4941956499652618 -0.3502806109099449 2
1.7081216563240122 -0.10461473514536868 2
2.1202917169052817 -2.4381928428453863 2
2.0463100082728154 -1.548779530097931 2
1.5826160127059903 -0.7089000462078169 2
0.5433749532886799 -0.7861822082235175 2
-0.03169297437379415 -1.076001347271941 2
1.0725641898099536 -2.015012531970151 2
1.4384468036200533 -1.1045583566950727 2
0.39881992834645197 -0.5857247436865055 2
2.135254297852875 -3.029037061555155 2
0.6614365139829146 -2.3275822719722203 2
1.0297420981664922 0.09765453369481447 2
-0.28872761872146646 0.4984923815700051 2
0.8595352661091231 -0.3250309572580098 2
0.8488785730396371 -1.6344333517321357 2
1.0208928450451606 -0.5805498888589667 2
1.9484469317439361 -1.8620396848821872 2
2.0939067498065658 -0.3169485620757724 2
-0.15258588863048406 -0.828793295455095 2
0.9630087084085825 -0.6960722857769415 2
0.08408871605576662 0.10723605235508149 2
0.48566225950429653 -0.9398234263722651 2
1.3525782836320914 -1.2048416843650969 2
1.1468360854206119 -1.8529521383050158 2
2.091071793631889 -1.7316897161459044 2
0.8361812324977989 -1.1890277467097605 2
1.1754494691069963 0.16198858072651667 2
1.9717944133337695 -0.8720379554778512 2
1.2828193000009953 -1.1394676097084837 2
1.550438299855594 -1.6029987292344319 2
1.4148116428634367 -2.411270741727119 2
1.215587752283512 0.5677548832672557 2
1.8915963623164744 -2.39203893349414 2
0.4399110828208812 -0.9200671218468842 2
-0.40888522657587867 -1.555430214969204 2
0.6527951888438402 -0.47347780952332263 2
0.5642229179879181 -1.4755787773273235 2
2.036578041350186 -0.8330602754242957 2
1.0364507995480767 -1.0097661477106583 2
0.5896512689595839 -0.9112412682933833 2
0.4092765713896629 -0.9012565260328407 2
1.7226868747313213 -1.5429913555159471 2
1.4370022143055257 -0.23699585275336632 2
0.4060768831526985 0.04471478887182245 2
0.4857395382068159 -0.7799618667826407 2
0.7175909540664507 -0.6552771261095467 2
1.5349714259324387 -0.42171738243455203 2
0.15842320893068895 -0.39223401946835135 2
0.6102371794978638 2.07326536843212 2
1.355128918513882 0.22701699631001193 2
2.2235796523896996 -0.8069720969186237 2
1.2706633025477982 -1.1719506929471524 2
1.027336934228362 -1.4861325213137715 2
0.9861364775436869 -1.2083972857554852 2
1.0768468807891993 -2.076379942598651 2
0.429501236802976 0.8555900794078071 2
0.8915719945009447 -1.3114173892876178 2
0.12381271220808532 -0.3799935028701975 2
0.7979584700919918 -0.49604613521497554 2
0.9522322901800911 -0.6115091489756427 2
1.9166544886787862 -0.18016673690874052 2
1.4606817536511496 -1.217088317647613 2
1.3982382863865164 -3.1802239813552173 2
0.7778074759767302 0.0007280220641083801 2
-0.8080600223826901 0.23410330647598188 2
1.4213109836301043 0.02473068765680031 2
1.6487594390441407 -1.6262574617990728 2
0.1037339982799087 1.069393228171136 2
1.2739860161693266 0.16998493077155796 2
0.590048384517595 -0.66352592701989 2
0.3132798976387492 -0.6181567982830054 2
1.2341018897621938 -1.5018641969130144 2
0.4634769301786904 -2.0117558973104073 2
1.0719059953548218 -0.21945375203614792 2
1.372001862447888 -1.8962073600975429 2
0.1305298444121729 2.4964512522785878 3
0.6358890981095444 1.510245896611248 3
-1.1326098175949535 0.11084982158658918 3
0.13275377915281886 0.7412462413035148 3
0.34792442534589224 0.19667687767782438 3
0.9082224875009711 0.05647217058987397 3
-0.44477283376052523 0.1662918517678439 3
0.40409265129195504 3.0428917986184367 3
0.7448466227471695 -0.7271116430479918 3
-1.5808975810940757 2.021486047751846 3
-1.0102428935300218 0.2210163961971655 3
-0.7003817521878908 0.9816835978413099 3
-0.8084040299675149 0.004450586620656449 3
0.2591578718606821 2.3129970032226717 3
0.39711826950693585 2.125647826373346 3
0.41291380225008306 -0.2368038362579945 3
0.3249073145887705 1.1131642049953805 3
-0.22029483381975576 2.5450549457896012 3
0.22191540457411296 0.6629706053219029 3
1.3531876537816938 0.0936628380722836 3
-0.4248282585649139 1.5729261485202242 3
0.4938486648586485 -0.005977424038261736 3
-1.1620978198475487 0.002706431399954412 3
-0.9557838099120984 -0.21383407371484053 3
0.02601870906448861 1.0701010688307462 3
1.5139010016826158 1.307953771495421 3
0.13855303253265897 1.3245089477015253 3
-0.6106238831663259 0.5113564960328708 3
0.6560561953483754 1.5086277461007558 3
-1.3114277182521448 1.1803962356874746 3
-0.3812826177769846 -0.05438502322027716 3
-0.10702264074218477 3.5440750992939627 3
0.1839799765913318 1.6521721613454936 3
0.3255319185483848 0.06816896752107504 3
1.095015532246836 0.844066537899685 3
-0.9310465103952401 2.5273375018177773 3
0.888911135153228 1.519626694002762 3
0.25721283129519695 0.3292433305227833 3
1.3028288594433148 1.0262826961070612 3
-0.721298082458141 1.5434568925646504 3
0.6315201943250557 0.664080530460821 3
-0.5477287363042602 1.4023760381180226 3
-0.4453449354857682 -0.2439733373144526 3
-0.3090815191782876 -0.06136741814946434 3
0.6065537513571444 -0.10520226625926621 3
-1.313693769473185 1.9513427725994972 3
-1.4745865035272905 0.8980605805207353 3
1.3931470770788867 -2.3980253854018807 3
-0.48676431094168393 0.26036488397015267 3
-0.11221360974032503 0.9194741217392463 3
1.390881865079253 -0.4958484034630086 3
-0.5677368034470839 1.8954515573185298 3
-0.952092656213505 0.1540311927110508 3
0.10082077588600101 0.1466012162424135 3
-0.137621018375855 0.8148402866280056 3
0.02493305516458173 1.6470359311478049 3
0.40515257639620406 -0.5522039348285015 3
-0.14240021562220523 2.4922605189307614 3
0.01884155030453048 1.1135884290648246 3
-0.0627918225289469 1.7917955202851226 3
-0.6228212788582472 0.29572796468021245 3
0.49982432236714297 1.1846179143770212 3
-0.6155394838616952 2.260565642103102 3
0.1680129176791941 1.0093640824421963 3
-0.19476522402400465 2.7683745630968604 3
-1.1625774679865573 2.5946613353277774 3
-0.2924484311024673 0.8397552536141857 3
-0.27923318703948624 2.4252988705728473 3
0.021754116579615394 0.2737298442644419 3
-0.623951694984461 1.4741691483069552 3
-1.0032197889178467 0.7290651376576975 3
-0.056218270660084904 1.2995658135940977 3
0.07653904240922926 0.40595362229972975 3
1.3787785012421883 1.719655930666753 3
1.7478763298019968 0.8206525508572577 3
-1.3261871435869526 1.0026542832193481 3
-0.31673056749259626 0.7048268808580547 3
0.9887568484113028 2.1648234009845346 3
0.1223722322692223 0.9743494490270769 3
0.04118654794677643 -0.6125336544238855 3
-0.8980723889036933 1.3175792018526336 3
-0.3435423633061112 -0.7169405266253239 3
-0.5256882578629146 0.18281771349458298 3
-0.3589021031417643 2.4528563038905125 3
0.32608161701641025 0.7694935988378803 3
-1.1985741454204089 1.4404688758656397 3
0.3151589749354439 1.8238688264568448 3
-0.22001673587255988 0.8008439666910513 3
-0.4714526252790637 1.7182135393853113 3
-0.4168103353809722 -0.4608241857017419 3
-0.17972667659278102 1.4304932857559363 3
0.337936871482544 2.346283928724651 3
-0.34992198572077887 2.5728613533462283 3
0.13527168156782768 0.5294840554538667 3
-1.2465924539811846 2.7318447717215495 3
0.5446242768091394 0.1303635494201224 3
-0.5315855849536727 0.28429956653088073 3
0.14575923772513 -0.5298353955908015 3
0.4993157439089281 2.673021037410556 3
-0.9346484022167733 1.4974247686476303 3