0.4619652652654933 -1.268031068110211 1
0.06471088276957992 0.07044071070719293 1
-5.379039770114362 -1.5527800625700223 1
-4.506835478641239 0.9524613272258342 1
-2.5800481097834287 -0.3028175152367465 1
-2.767192569196963 4.096483169392953 1
-0.08424387597490934 -2.0439349697703055 1
-3.4329305845305766 -4.9128836821922315 1
-1.4091300109455895 1.2890486765244762 1
-5.603361848054924 2.2092377089888666 1
-2.8744602309774674 -6.400706263994453 1
-8.844628814741855 -1.8872658977654513 1
-4.022177958674543 0.36250757919701204 1
2.9058557911026157 1.8981802305126183 1
4.782281439604345 -4.83001006141996 1
-4.387882199380157 -7.42715718583884 1
-3.023293638534675 0.06970079371861693 1
-11.066222650406033 -1.8460942601642858 1
3.2218550022975103 1.828272794734774 1
-7.1181702293099915 -2.8041658959111633 1
-2.8449762549501427 1.1850085697893191 1
-3.1045108568132154 -1.7729835109883696 1
2.204862064918165 -5.838506090589712 1
5.6206862031087175 0.2792728744402815 1
-1.3144544677908718 0.3142353332286425 1
4.0992428060002695 2.3933108632145412 1
0.5726113156518424 -4.395218905919503 1
2.6386802819884316 0.9740097674271753 1
-3.346832859831565 0.05872988927729095 1
-1.8368442014996382 -1.672065884974272 1
-5.546063686246728 -3.6889654366815354 1
-6.126462965283807 -5.443108038772148 1
8.879611760768427 2.103076042445878 1
-3.721555854781407 3.356726761141121 1
-1.9985842321057592 -1.1947072755650228 1
-0.4457790449949899 -1.5658514475185465 1
-0.676408038022557 4.956454491578181 1
-8.715334289461381 -4.200877323713791 1
-0.3993607259485822 3.6430261997739297 1
-7.97169176822819 -5.102778931756888 1
5.432140356872061 -0.5490167963027481 1
-3.4958612801514417 -1.4817566962205366 1
-7.844075140081444 -1.1304124778722215 1
4.901135533238969 1.0897014096352549 1
5.800119858066699 0.6257955825532082 1
5.111733782984918 -0.9431706718235189 1
-1.4786120198291095 -1.0067262529042915 1
-0.5527069364382589 -3.2734546571423064 1
-8.492366786347105 -6.910449322112274 1
3.783643208543138 -0.016306452034859586 1
-4.095046992905109 -2.0149452450031755 1
-2.3839965310711033 -2.2107571827990364 1
-8.009205855414425 -3.34989674395847 1
1.5856033938184906 -1.00529031477405 1
-2.0390386065031008 -2.205618807735737 1
1.4397055294587213 -2.4525431138097455 1
-1.6563790972854575 2.5687435519134825 1
-3.4027321071331382 -4.7484641094695705 1
4.83569795126048 -1.7691284922028854 1
2.4648836883589174 -6.559608556268991 1
0.0085628063610379 3.4548760835901557 1
-1.0352284969600698 2.660881862389638 1
0.5496244050485444 -0.6975963150428457 1
1.0950838239014407 -0.6765527946377344 1
3.880395896170959 -2.341149748052742 1
-3.0590894655287175 -3.7077396056933307 1
3.845701268249895 1.2599553470127969 1
1.0414766555034731 -3.991255532126498 1
0.24612820389759493 -2.6619936096602936 1
-2.769111247166343 -2.6677965342056806 1
-0.3284518290694961 1.7120743248606645 1
-2.652098140647104 0.4708277708760362 1
-2.7993741258472564 -1.8747441922850712 1
0.6610691654495311 -6.526669896131374 1
-0.5553214627121885 0.7204655481224418 1
0.3528419478638938 -2.3451994310476283 1
-5.801370126309896 -0.9216803430364201 1
-5.50672191755561 3.401722388019502 1
-5.102720090132421 -7.218503156612787 1
-1.4358892844578341 -0.32526717733250676 1
3.6684277519135513 4.884018446758008 1
1.0567325687573552 2.4835899290009946 1
-1.6659816185210234 -2.45062285839893 1
-0.7312735100160839 -0.4707795307109114 1
6.0885909772355635 0.09506872588125281 1
0.6683124070461117 -3.031939829928546 1
-7.8247352665928815 0.41815288000012263 1
-5.241605590918242 0.08594076798539074 1
-3.7354333970638853 -2.3443784272661876 1
0.394937962463906 -1.1090373798289372 1
0.9033322012403198 -2.821766498507654 1
-1.7371652759134548 -0.42025589245900574 1
4.580114877078659 -0.9488754744055133 1
2.208826982190186 -1.1421666588590367 1
-1.8148103977998724 1.6923633555711772 1
-7.689592401149792 -6.135703832314426 1
-8.082930682921795 -4.885775746448686 1
-6.9514135742804255 -4.5326964866909965 1
-0.7700410012783033 1.721431838896382 1
-10.604504786034902 0.45578104562890887 1
-2.823116980899055 4.708912845931724 2
2.4024046084916693 -5.322693268578535 2
-2.8458785539785243 -6.317686290792611 2
6.153389224605687 -4.121606154460675 2
0.14738666938635903 -5.538026820510974 2
4.958836494888811 -6.403961866683164 2
4.284038228602512 -5.724818167412492 2
-3.1582050647631172 -0.8545939176779191 2
1.1231269464313995 -0.32313281031503094 2
2.7619117551300763 -1.805282115091594 2
7.007268746753366 -2.9205188464294003 2
-0.5914881879657379 -1.8226036504461467 2
4.790949212409593 -12.332228309238644 2
-0.7365911167377077 -0.7748056982253598 2
-0.9063948397039907 -4.699147018813649 2
0.5567728294680931 10.27077200333988 2
5.185726734194113 -10.866891871168907 2
8.352002986645426 0.2623206178019255 2
2.3089358760921455 -2.75354971019317 2
-0.10256377239281922 -5.864525884632874 2
1.191247704743915 -4.593569577018149 2
4.7539782461063425 -5.607981450671639 2
2.949123255607981 -0.28918076524450265 2
-0.9810232881739027 -4.037055891919154 2
-0.7120505010811216 -4.322445179321039 2
2.6570101828189054 -5.1363084716470455 2
0.10794392464410807 2.2915351421830628 2
10.763870959896947 -9.859445762852626 2
-0.22756310300996963 -3.4985028132541425 2
8.203181723930237 -0.6703845375451547 2
0.7197276828677197 2.8539850552519663 2
2.451761158684918 -2.2099649018903875 2
7.566644028438248 -3.1035442224134946 2
4.022766062107062 -3.5881998794589403 2
1.2471271316539791 -7.597563668799054 2
2.0130103731579876 -0.5176268292576413 2
-1.3301438612090646 -0.08471986140036702 2
5.090506941437458 -1.413249738187679 2
-0.8016526980616672 -3.3866228863814962 2
2.905302664699529 -10.924035842501132 2
2.9895114529879683 -0.7648272851064795 2
-0.5413199666185462 -2.356634532420389 2
2.6563716666762076 -4.942047265863328 2
-0.38250827780036056 -7.762180940481117 2
-1.509132674974643 0.5056170543245708 2
1.227565218937471 -3.7636636564322883 2
4.344794532452016 -2.647822303912724 2
2.9559188159241523 1.9409798072868556 2
2.0565106400843742 -5.497354340225627 2
3.484112579769612 -5.766901685068813 2
-3.0993567860055773 -1.238297716247637 2
-3.005705967172556 3.7396380007535583 2
3.156433076672969 -7.531506732358637 2
-1.747821290482162 -0.1339609463147785 2
-1.1391642121428944 3.5447623690869188 2
6.108288529254871 -1.8941389759146088 2
-1.53236715365244 -3.675111814718833 2
0.4793052690691123 0.9833906351378363 2
-1.7788013993940495 -1.3782225599086715 2
-1.4344332670898012 1.1076016668775992 2
1.0431164242484086 -0.4759440865382569 2
-5.78079069556371 -6.144033957570787 2
2.0218477736793536 -2.4361550633799176 2
0.13831858957599363 -0.4826061917410558 2
3.0339200402805355 0.33363738664174014 2
9.443800356771188 -8.371332217966959 2
-0.05128204401168168 -1.3892387650888611 2
1.6491545874655416 5.27379304285699 2
4.107603206558682 -3.5139322164470297 2
6.374250279406728 -5.086568884950752 2
2.0228225238211586 -6.229274049116407 2
2.8721559829097356 1.133922274138802 2
-0.20407286220827214 -2.8853492326533816 2
1.5947053280770191 -2.9430158838821345 2
0.5609689630862424 3.321451296750655 2
-4.153736180786674 -4.319930434635007 2
-0.48370151672142514 -2.300829245579055 2
3.5682044757696203 -0.1108696640962058 2
2.2445040165465837 6.650547333561112 2
-0.5546019881676285 -4.160642056927212 2
4.503468920124087 -2.377248815411484 2
6.078977523649903 -1.8289170001470665 2
-2.1117569859534457 0.8929486042085957 2
5.654187851233256 -2.1357655421348847 2
-4.861562682771312 0.2311368308419004 2
0.30067761988181885 -0.7923081428346257 2
0.2442462874158713 -3.6743089795074386 2
3.285489397158929 -0.0650520848919458 2
2.0705503911134113 -3.271461335666778 2
1.628335146238945 -0.7481363929599893 2
1.8997131852866571 -8.187369207050285 2
6.513741231700804 -6.350059650377919 2
4.810711057989163 -4.859926616590885 2
1.74407711031746 0.6049385466461839 2
-0.3078519435603484 -5.095058248597097 2
-2.1341456822050198 5.962099357699257 2
0.11912917508282239 -3.47837875176348 2
0.6304767177864418 3.963169912214923 2
0.37109490067823525 -5.602904648410522 2
-3.846636813154462 2.080863948381082 2
-1.466070901116808 -1.5095658049888345 3
5.244784831307899 -5.830010010388358 3
-2.807910968439436 -3.1495853152364095 3
4.074372399008101 -1.8081177292049104 3
1.7686055880423746 -0.035758195387833425 3
7.009365120156268 3.3561687754969967 3
1.586388707028172 -1.3079925020602197 3
0.6621864850951665 0.03781484617764774 3
0.19079992367546605 2.922795583041002 3
4.801606246658925 0.37532887455574493 3
-0.5169848526081163 -1.15452235050074 3
-1.1527495599246311 1.043228589706648 3
-1.4972257241548335 2.5661356321009983 3
0.5531451755753094 -2.0463492073909326 3
-6.708615425986084 4.429763557105596 3
0.6692274124294194 -0.7166136811855928 3
-2.1789063534862527 3.8571057222501026 3
-2.8881894670834694 -4.452881681429163 3
4.661441709992123 0.5432697122443442 3
2.2325857427327453 2.6221632326166064 3
-0.9145613828486128 -1.6264417452290543 3
-5.0769449760197904 3.6064047602985068 3
0.09106471443282473 1.9952327319162535 3
-2.6318976705728043 -1.2277509224589034 3
-0.6680740926428292 7.385339882351279 3
-1.3942158831120834 -0.5987539155571362 3
-3.7041179167199325 2.084937578506942 3
0.4857210127201298 2.270703577905338 3
2.146744845478744 0.8820214532736858 3
-0.31808353950304763 -2.166459963442253 3
-0.18621465197908016 1.2178182022064403 3
4.138497318493111 3.728642885509171 3
-0.28317064121760166 3.1337767401084156 3
3.0671544598980662 -3.804059913043301 3
0.18690432597943568 -4.1514324561870435 3
1.0440907092270475 1.1598285935325858 3
4.854432507828551 -2.3853559749196203 3
0.18314710024228106 0.44858341781467215 3
-0.294457688126051 -0.006096874478015435 3
1.6163947583918274 0.5031940226831717 3
-1.2477535893774137 -3.5181152917649827 3
0.45238290405857423 3.0277081961739736 3
5.067506657640368 -3.484146133968303 3
5.058097359950612 0.27564437040738443 3
-3.115575340073762 2.1042815146596276 3
-2.138261414243944 -0.7957389261187631 3
5.23158369656245 -1.1983580211127127 3
0.9666424992705925 10.103238464378082 3
0.5813704529554574 4.327671297292595 3
-2.0379240658552007 6.420846612371651 3
0.7114745154387817 0.3293268185682743 3
0.32528090305541935 0.05545152718258406 3
-1.2126258097650904 6.71772724557976 3
-0.6953775443948959 0.8896970879309355 3
1.810934226099203 0.49790449495493827 3
-1.046284935858809 4.08344441311263 3
-1.175667175275083 2.853628383157715 3
0.4272600402926614 3.6147803186109115 3
2.5715562033143766 4.5045139681473865 3
-3.017133531909466 3.6889787665684493 3
2.2695865419047707 -4.320169438265508 3
-2.884713055010904 6.6949860861313635 3
1.0295152976181898 -0.017678452386521215 3
4.1162841777159915 7.520752344482245 3
-1.4638707232019887 -3.4279283632527653 3
-2.931123764988235 -3.538580397352618 3
0.5492411333225699 -3.2982381672340075 3
-1.8698961583552631 1.301524364693008 3
6.745490625490599 -4.613902428253434 3
1.6189062823449445 3.567250396931907 3
6.006313122336077 1.2150106232176463 3
6.503024199271864 0.15296696591219583 3
0.9996033137528864 8.273700391887475 3
1.5850997460633416 5.074136742376691 3
-2.49004326485946 0.011706830061934292 3
-2.5269176373396594 2.673507886175115 3
-0.3011190967836963 -0.9183589037844717 3
6.039561392737888 8.409876417815157 3
2.860814814397441 3.2233484031029684 3
2.7368363593409635 0.6013641672686818 3
2.4458680964823536 -5.918079759651134 3
-0.592076174182333 -0.8110900227176678 3
-2.894111895105751 0.4823273672031362 3
-1.303298276207835 3.499546789801675 3
1.8946663637367032 4.953371054491206 3
-3.0471534570885854 -1.480943331955464 3
2.4583109634372424 0.4915305760076092 3
-2.304576226113363 -2.213724339856771 3
-3.1595264050138185 -4.335656991553318 3
-4.2985166156486905 -2.9108374324219204 3
-1.2519191703114114 0.38891803070939135 3
1.2189783513184522 -0.5798118285007028 3
4.556818012772582 -2.916687244909576 3
3.4389058468482854 2.4111107606562694 3
-2.5480185022193806 4.735504085860649 3
4.111712945549999 -1.5595424284165826 3
1.943979737821732 -1.3533683120404127 3
-2.0671538558419185 -0.5117367751053523 3
1.7132075782724256 2.5057348332230065 3
-0.6926623025957712 -1.0280839657874932 3