1.6105652591287343 0.35947367859262247 1
-0.3349645274635573 -1.1969627184861853 1
-5.780902351918836 -0.10739236856139689 1
-5.115811547917018 -2.0894701922235774 1
-1.157473228980373 -1.3025078404033952 1
-1.755881930100724 -2.5962431119559177 1
-3.7635556192373327 -2.177115993353939 1
-1.1635433802270936 -0.033561921616019896 1
-2.488981255212313 -1.112100015131273 1
1.1065874587927573 1.2456475797130864 1
-4.422983628531104 0.8320613681710951 1
0.40461980856891144 -2.916916536208311 1
0.0438739147523759 -0.1157201601977963 1
-0.04487374205198191 -1.453976121528377 1
0.3372364331389277 -1.3240797236872992 1
-5.113234520932978 -1.9376663815082116 1
-1.2542386101538747 -0.3919593035475992 1
-2.7040903037083117 -2.9802616133330098 1
0.6204803830470771 -1.2953782528522724 1
-0.26413732449168037 -0.6146183101805603 1
0.6065434374259502 0.14216182212942674 1
-6.3282304303196355 -2.3213146804155453 1
-1.4497400953123354 -2.767438112452424 1
2.8326817466985177 -1.1002703193128822 1
-1.5648543358780296 -1.046198589561204 1
0.09153224866858745 -1.3525352882545243 1
-2.0610361454160717 -2.684628452220247 1
-1.7350892913646323 -2.487445890380007 1
-1.8615932644806772 -1.5389893177182965 1
-0.23533853026079155 0.5428419080878899 1
-1.2162230537683028 -1.4413156063752548 1
-1.3895127250284687 -2.0377996159700453 1
-1.9534946691866117 -1.6433478170754223 1
-0.03980821922671618 -2.0611480669783426 1
-0.764304305326894 -0.275159387244726 1
-0.9195347848709315 1.2568983831006855 1
-0.9896450853610673 -1.0776840398220955 1
-0.5409701011480671 -0.582704299233348 1
0.7266149958744723 0.11294037146683444 1
-2.218418619092199 -1.6215024705494678 1
-5.155106751737192 -2.969592750907516 1
-4.536101662005866 -5.072730621592859 1
1.6627032215419781 -0.46699607079912064 1
-0.3871902930214325 -2.1023013813381244 1
-1.2039528575545881 0.398888914759294 1
-0.9799181653506113 -2.0257073574479496 1
-1.0362406696610431 0.6893622665380401 1
-0.5734495193469886 -1.0010536928311102 1
1.6971530257145062 0.30611162001029024 1
-0.7642177173235454 0.22246726315072407 1
-1.0599647987487482 2.0696786434901515 1
1.7503889037944065 0.5994834796506883 1
-1.2845879199634134 -1.8860614880156767 1
-0.16255007898046514 -1.5256760660154391 1
-2.7849344952434754 -0.4108277124878781 1
1.5795649711902686 -1.2569370670695013 1
-1.584924757371067 -0.6071054942200219 1
-2.8605095388615416 -1.1869536507781642 1
0.9721675090647175 -1.2606565615500152 1
-1.8732115996693408 -3.2482043941469128 1
3.9450093397280277 2.012525181297519 1
-5.60327170498848 -3.8663832543177756 1
-1.5686388894598737 0.972890219114567 1
0.7920085680494684 0.7421691101002061 1
-0.901770507354392 -1.9907818079446895 1
-0.52190716863294 -1.5966439143487392 1
-1.6687791304735566 -3.3440198727189987 1
-1.8112749240115404 -1.3747404211094418 1
-0.6476195528773683 -0.3033211939576018 1
-2.0333495343855956 -1.993063827440005 1
1.078976677508428 -0.23684645636320878 1
-1.60892573323006 -2.276782892111302 1
1.1409681747083287 -1.841549924854285 1
-1.6370842410950739 -0.6981295858790442 1
-5.269103924861687 -3.323255010170859 1
-4.877358331207251 0.2960811220993509 1
1.6600119303443472 -0.3725396707517208 1
-0.6195964123676598 -0.22969460309031597 1
1.7111083577774786 -0.8451728686484953 1
-0.9023712224282768 -1.3600431895920138 1
-0.6270719928084578 1.0972528343006118 1
-0.3510809031001445 -1.0950277376206596 1
-1.9758490090251613 -1.8250737847605296 1
-3.6202280782023597 -1.9612977930878026 1
-1.824270639851151 -0.7529949030690775 1
4.0428115510134575 1.077812014600826 1
2.657313944913529 -1.7212687024928917 1
0.4442593916450406 2.6395594001571077 1
-2.6175184904196644 -0.4181331870174986 1
-0.6895446020019745 1.3164923593861277 1
-2.515798844610282 -2.518563286229578 1
-1.9575367306730471 -4.245541863331364 1
-3.3001081922159514 -0.23123581670649485 1
-2.0873437024307213 -1.7470866752505936 1
-0.9339344914070086 -2.5281762718144476 1
-3.126312896412727 -2.9408716052225787 1
-1.961827646790717 -1.8644129267860219 1
-1.4631954164351113 -3.109684702680886 1
-1.5364828778525137 -1.712647709084964 1
0.2271439654692653 -0.5653734281549407 1
1.1629864551590736 -2.550404467323777 2
0.9916349733044031 -3.15374016316328 2
0.98663469309793 0.9325795660641834 2
1.18851199410707 -0.3977298685636489 2
-0.9479359866867412 -0.3937359425602128 2
1.5313488258281196 -3.6139726806399577 2
1.533993422112895 -2.069661421735535 2
-0.5670550990850125 0.9652657167621641 2
-0.6370268929133838 -4.558827301624176 2
0.33517586331903604 0.23345719639398688 2
0.6683298867242506 -4.502264493496302 2
-0.08085103254016768 -0.04295877110668722 2
0.7573963771755315 -2.871421592692976 2
-0.3097930126377979 0.238270512448721 2
-1.2703792296906298 3.3132692608856296 2
0.7115890131542775 3.890171737386691 2
0.9989031140740126 1.784161580740737 2
0.5676292455063193 -0.395342234387842 2
0.11591493253940921 0.389494867396351 2
1.2590265515339012 -3.9763781959524964 2
2.796284996998688 1.009268108083904 2
2.7521733297139983 -0.305002141380743 2
0.3190896842846205 -1.1325939038461932 2
-0.4409648175516119 0.5522235477975204 2
0.8364977876374378 -4.743951869989588 2
-0.5904006871241587 -0.2780314184594619 2
0.5108922766183387 -1.7756296723042957 2
0.23278989076272316 -2.7935955664415313 2
3.5027427799512147 -5.788467483528748 2
0.5169300671724679 -0.5368698616979543 2
0.10819111885681754 1.7513457365538359 2
0.7069375828773414 -1.3870289629304002 2
1.805115959566178 0.20949288169511737 2
0.35336825782865144 0.9706802157182686 2
1.6067004460202605 -2.8691751651080666 2
1.5905018987075317 -0.5079328943884849 2
1.8257203981491374 -1.1362524276482726 2
3.267939679000016 -1.8939651127945323 2
0.5883250753291983 -2.3804670373481973 2
-0.42809552795154526 -0.394595638262059 2
-0.06719700243718485 -1.3521059613567656 2
-1.3317194115295887 -1.549926028571626 2
-0.341966520014801 -0.2849439550949945 2
0.4120789001470022 -1.7404939677155045 2
-1.1388585081518503 -1.437756069933315 2
2.8174128156201803 -0.4194894305878689 2
1.1102269013331925 1.3553118551545316 2
0.018136796703362434 -0.22173191078675925 2
1.9076567333881065 -0.9935004527195883 2
0.40443847112857934 2.260554192421151 2
1.7843089545489406 -0.9421250626327001 2
1.2858619667358548 2.1311849857264433 2
-0.5321425670947133 2.6610687245736617 2
-0.01575579830614604 0.48852919613882007 2
3.297432307021737 -1.5754662449812167 2
2.651177055809817 -0.30828029100800003 2
2.1745110870329 -0.12760340796310932 2
-1.2888181873219087 1.8371056237518837 2
0.7012474698941468 -0.990416919025844 2
1.4170398200536098 -1.7445568470221304 2
0.7659934404198638 -0.15803979786577127 2
1.7335210164530164 -1.5521217134947158 2
0.7939810508133875 -4.502740929372301 2
1.6342440702521828 -1.5145266965625566 2
-1.1637690336358717 -0.07759619897624181 2
-1.2419636809234569 -1.1988262835060268 2
0.5916110040496835 0.9339266622825597 2
2.2825481918809407 -3.1053046814044034 2
-0.2697179510231309 1.9769518361383236 2
2.2133141231961604 0.5681285418430129 2
-0.09869596916851764 -0.36266377457185117 2
1.7426961895207809 1.7223398774801484 2
0.8966617430161128 -0.7065403779365962 2
3.6871491725717394 -5.377645566909907 2
-1.5062736468323283 0.8112086620679373 2
1.4166156553625102 -1.278295610651425 2
0.49055242327831805 -2.4023995454174276 2
2.814479476542683 1.7614434111287771 2
1.3632465383180155 0.5008888445364903 2
0.7280267148921304 -0.05030466516234222 2
-1.0940576406797895 0.38248715494765495 2
1.5833194494170455 -0.6127035493083037 2
-2.616199508801053 2.2833462135076372 2
2.6788932682525464 -3.53744327778674 2
-1.9403343925566232 0.5568897317463233 2
0.866998936923107 -0.9508230599494808 2
-0.9869919143381536 -0.6461863074530894 2
1.7242610414196462 -0.28750117758266824 2
2.1770019394216718 -1.3960952980284904 2
1.6114855630684495 -2.2150840267568723 2
2.3727109429779594 -2.6248559792793804 2
1.492712337429653 -0.24038050740459815 2
0.35055348579392576 2.078195022477805 2
3.3752034109696734 -5.851280772273944 2
1.0015359284932601 0.8512235102639325 2
0.33704643207858287 0.9887955593240669 2
2.349940115557378 -1.9557615329387654 2
1.18702537320819 -2.3659015670964956 2
0.8313235299284969 -0.6108450636371471 2
2.370469009749987 -2.521338911428418 2
-2.693480375430205 1.0270328210353448 3
1.7000012912416458 2.255599229888396 3
-0.7891381206478761 1.003204872343081 3
1.152824196511005 -0.4729933758214544 3
-0.42790994886171224 -0.32423413320480865 3
-0.545431902815355 -1.3882517373979018 3
-0.02636643850663448 1.1332811058026955 3
-1.912704252730275 -1.7592390977076313 3
-0.23219856220597251 1.5072724276079672 3
2.6580556373913704 2.1147598410914825 3
-0.010645445222256219 1.4456253452155523 3
-1.564339944969305 2.2012832429393048 3
0.8665553289156319 2.4778530499832003 3
-0.9144161262795057 1.3658673775891286 3
0.8135669307950678 -1.608941926829098 3
-1.170219405342357 1.42211018689534 3
-0.28570718487471536 1.5041071010655003 3
0.4069872839385605 1.4709127316983488 3
0.12299184413948187 0.6708662456623922 3
0.3235724541459632 1.673994466088273 3
-1.4120984555964833 -0.2420087199231329 3
-3.1352299785049524 -1.2882436783160625 3
-0.8288733773994587 0.9484100746816763 3
-1.553382561386017 -2.4035686099281843 3
0.7867862160168585 2.061398411652373 3
-0.04821124026037377 2.182738502491971 3
0.27170990142342083 5.272051617200481 3
-1.395015710419492 4.403025702900969 3
-1.2609087662215088 2.95675584167694 3
1.4298725813877031 -0.00029506541710588863 3
-0.12486376215705844 0.38914831339674016 3
1.6913269556837383 -0.002014858076930137 3
1.9035086455464632 2.4073170245809044 3
1.4296902665777105 1.5256037282638921 3
-1.1338187102753516 3.4818962053213394 3
-1.6279297851087202 -0.6341871719241667 3
0.7327551059095019 2.9897619021294926 3
0.10666979546311149 -0.27993808783124696 3
-0.31461095659118593 2.706216016719507 3
1.020713948698845 1.20211852295503 3
-0.0777678383768865 2.0404846583175047 3
-0.030271992852909893 -0.24173273214315083 3
1.017170742522567 -0.42947780089520315 3
-0.45514112175697763 0.673230546001389 3
-0.46851122206417145 0.18776494567253865 3
-0.9399752385839656 2.02848863465484 3
-0.5856668209488096 2.559306659193174 3
-1.3922318688851467 -1.739679629793617 3
-2.4208183624168 -2.641734842788897 3
0.4136189622520299 3.571674374255111 3
1.8717835973824246 -0.08251663014547117 3
1.4226242660713244 -2.677385514828416 3
-1.2697422036998682 2.846861569978886 3
-1.3824433871404078 0.886195249577771 3
0.36081864535679453 3.048689263046475 3
-1.0290373776601052 -0.8369362050155553 3
0.19681290150208142 3.2333681344724567 3
0.8846786338244453 -1.5724763662192256 3
0.4456604970557553 2.3241463864819876 3
-0.9832095428216088 -2.7709414971518083 3
-1.6422274773941872 2.5428704523173042 3
-2.3854095154454034 -1.645606514566238 3
0.2624016640741959 2.6381510802027317 3
-0.7819339359804808 3.458698387353201 3
0.6545360807146122 -0.8820314100813935 3
-0.2457235077167693 -0.3050314060826169 3
2.0965580026985586 1.9537772035785603 3
3.989147843419523 -1.2094232188380523 3
-0.5704132490650721 -0.3232147797849434 3
-0.4422841748952442 0.89016778309944 3
-0.7641805126245333 -0.5689008964953759 3
-1.0900995062121333 -1.6205314069114416 3
-3.769643335097588 3.1420405202930755 3
-2.312410247161751 1.136649692671762 3
2.150337220890669 0.9386185992239491 3
-1.4941370125529412 0.39494086549280194 3
0.5354320078555107 0.07988840663896868 3
0.8120116241342059 -1.3320244686031164 3
-0.8597140982100921 -1.6672899183229912 3
-2.7915430454448575 5.028262972070967 3
-0.7525036687717962 -0.2762995850021752 3
-0.643760322897836 0.001882631674388735 3
-0.5128504290691633 0.2791410518981762 3
1.4142592760555834 -2.085431613023048 3
-0.369724484677722 2.254161699526212 3
0.25480336006234205 0.5221175250004231 3
0.8486271055025169 1.7843196610784264 3
0.8549157281603895 0.8714767364640371 3
-0.88596709044414 4.442210926391992 3
-0.631910877821477 -2.0449330660347087 3
0.18620377270188582 0.03981883202880099 3
0.06534824889177913 2.019249057180775 3
1.139116231907951 0.7229545208936257 3
2.101369174131066 4.62903772943847 3
0.786698653440063 2.267766496770567 3
1.3843083581808944 1.948576413842122 3
-1.042450692240615 3.9312054613218215 3
2.206189065945584 -0.5853395008272351 3
0.2808767558617878 -0.07659232189442311 3
0.4313189450617599 3.928400643009517 3