1.1394418591823947 0.6279679030645535 1
-0.06518384791551879 -0.770120877189731 1
-0.7049258046824212 -0.1370102251996409 1
-0.4314924729238615 -0.9200875734476365 1
-1.8939170960361196 -2.1535450329598516 1
-3.026109966343542 -1.8293703774376566 1
1.0949606934282379 0.3128401410740034 1
0.6012760198789686 -2.3790218191604566 1
-2.3664271036007745 -0.6323589190059975 1
-1.7925004289144577 -0.35550092238200537 1
-3.2754759064092718 -1.2523977659557108 1
-0.046886087687667444 0.3216688008387043 1
-0.7172782908311052 -1.9753892140719098 1
-1.3287355159893228 0.10194276426688575 1
-2.5107438802395157 0.17091676522818733 1
1.7120147230118663 -0.019437888886664645 1
-2.16926013856692 -2.146984597132029 1
-2.3935391101475507 -1.1457222417967283 1
-0.7699279194283528 -1.6803273475218847 1
1.280467114212326 0.02425672561263248 1
-2.388435710134416 0.32882103565082055 1
-1.2566098438759137 0.6279106462363084 1
-0.7857785262722681 -0.8579521073377783 1
-1.1727256267773132 -1.7185684590892976 1
-0.021542354446367762 -3.282430703795428 1
0.9437658354261367 0.14024884462176734 1
-1.1574973483591058 -0.8834524006543899 1
-1.5132796721567578 -0.06499185708660848 1
-2.256636596745721 -2.309862843419423 1
0.08294781155450326 -3.2058294600552877 1
0.324454066815274 0.2826309232515909 1
-2.3648502955344632 -1.8536836105134085 1
-2.525505550616235 -1.8149774021832272 1
-2.37340406034144 -0.7015424795955921 1
-1.548347975693681 -0.9034065521510459 1
-1.0437214698022363 0.6867587709434733 1
-2.0509502143390703 -0.9222766166814426 1
-0.49920381254874646 -1.0189724754167124 1
-0.18003818399946347 -2.337006869821125 1
0.2745604143648459 -2.260511891815308 1
-2.0557859832376906 -0.7573430393223843 1
-0.09872458103636228 -2.230325268497135 1
-1.0455750215667254 -0.3747209404538068 1
0.5788511771765921 -1.6111192567118038 1
-0.9049671517468088 -1.6285487430119479 1
-0.526071510642593 -1.6769398757285203 1
-0.6481832009041146 -0.4839066963152828 1
1.3870226767909886 -2.8439790966155964 1
0.34099562491597424 0.4594212750476552 1
-0.6749530911235252 -0.25276495119170905 1
-0.9291723503295883 -0.8046759660852794 1
-2.8187334869575897 -1.5764279039356446 1
0.7647883945236462 1.30890137973091 1
-2.8190937545388777 -1.617243308142791 1
-1.6560127833620064 -0.5916571095878096 1
-0.487816026498718 -2.5491309844897025 1
2.050058644062741 0.6562675349399738 1
-1.3643494149475326 -1.2118433079836695 1
-4.915142823966486 -1.7351313946406575 1
-1.4912653105747848 -2.3991108418771354 1
-3.2111807627630986 -2.1238660491131056 1
-0.8984319054837674 -0.2123623944375782 1
-0.1932914099196239 -0.550977929217759 1
-0.936118726663804 0.22743389701646755 1
-0.7190080491795865 -0.5090820992230578 1
-0.4807687156838152 -1.3896286091155094 1
-1.392975422911606 0.2551978686142 1
-0.5992590219004024 -0.9663781115317014 1
-1.1228076925937753 -2.7366848410170377 1
-1.2310153863074074 -2.2619935267605937 1
-0.14249847533438453 -0.8526517155732611 1
-0.30767374194846553 0.06966392241908537 1
-3.553798306519281 -0.34430172425533134 1
-1.3120133086433823 -0.9667258484464022 1
-1.1204012044292766 -2.0807083613463355 1
-1.3508223398642358 0.06037651161187352 1
-1.1514747220532218 -0.7337131387633091 1
0.2645893933476835 -0.11903038677831868 1
-0.771459198794427 0.35736381571835163 1
0.6644026518820119 0.6690510179555202 1
-0.6458320934658243 -1.473576628099328 1
-3.5999542913675437 -1.7354245542766784 1
-4.80878963376855 -1.308843587894644 1
-0.8305570882145681 -1.265288782389549 1
-0.15791613031848872 -1.3270909363275867 1
-1.7028378514728117 -1.2759890011129418 1
1.187933599823734 0.8151916021136851 1
-3.0779900681905756 -1.5629156458311464 1
-1.36396665955347 -0.6689722000103708 1
-0.6098644710898409 -0.3457386010711734 1
-2.1195037306824016 -1.4719654733517378 1
-1.2430404115859102 -0.5198708243580492 1
-2.3555801069114697 -0.081035251468071 1
-1.1102431123212626 -0.35167871818986807 1
-1.5912669542848747 0.3509860929523101 1
-2.776582263180532 0.023951680129303154 1
-1.2091058366322005 -1.2448951588308574 1
-2.2800786235813173 -0.9484688990133463 1
-1.8800855657445787 0.8711095844604293 1
-4.633736214852807 -1.9697947608524107 1
1.8204464832012905 -3.086098054808353 2
0.8843628279059013 -1.6029943487828997 2
1.3418266695622403 -1.718427742313252 2
0.290092573419908 -0.9594353021783866 2
-0.6294707243265654 -0.4295040201915096 2
0.33026640795553064 -0.2294829603936358 2
-0.976423327857892 0.760596421933748 2
1.4885431203953514 -0.7480683060493605 2
0.9129228413637672 -2.7589249153371203 2
1.3586919328950402 -2.179014591409528 2
-0.3280710529385873 -1.6729940016499354 2
0.9457573057031097 -0.0642781258049333 2
1.366617169582343 -3.2502840366615438 2
1.788701459318748 -4.005942239925028 2
-0.018715459683803726 -0.9500984368259711 2
-0.4795301640835663 0.13847580159291928 2
3.0916286787624805 0.7479494412196783 2
0.8287570644132697 1.381268185679085 2
0.8399677205735774 -0.07667272577577855 2
1.5574695222429344 -1.9825290222990255 2
0.45198380321103904 0.9568979877636308 2
1.409517288476436 -3.129257862148508 2
1.6553516606276655 0.07601016866940569 2
1.1532035925716506 -0.46426951802682137 2
0.3811035794626809 -3.844047124584245 2
1.6346826697965295 -3.1975617493778956 2
2.6170830703168093 -1.3090466948178643 2
1.9299773600269226 -1.5565361737168146 2
-0.03623889747018483 1.993643817599518 2
1.1080628390568854 -3.0654428760586696 2
0.034025506406788475 -0.15635605558427512 2
0.6076472826103659 -0.5466142999884475 2
2.9200351767866453 -2.361906432708447 2
1.487306231548252 -4.131849287729342 2
2.634849957205252 -2.094451461052965 2
0.23955229821367663 -1.2144520310910294 2
1.3235744700320862 -0.8206764019835688 2
0.6649987408236525 -1.9052638592997653 2
1.5365142100959885 -1.5581212543695924 2
-1.0089287907365967 -0.7059110123716177 2
0.7200069291246847 -1.3092226382957652 2
-0.08055022700463899 -4.2180675987800385 2
0.39402985115892863 -0.970941498326221 2
0.5069629961560247 0.5855016728350384 2
1.2691596336221427 -0.656286428716087 2
-0.5593838270412446 0.8093071245936598 2
2.6326443098949706 -2.0677049886488286 2
-0.3052131168486971 -0.024099888916845003 2
0.6804384981036931 -2.401715902070465 2
1.789153923523846 -2.0892605749539763 2
-1.0598960994343156 -0.8007547064594145 2
0.9477368660276146 -0.9662351153329669 2
1.574501343411654 -1.8093680611997418 2
0.953352715478299 0.912049744782808 2
2.011606078963289 0.9920463184851851 2
-0.8441820091654175 -0.898979484748136 2
-0.4218962229675629 -0.8365166539320807 2
1.9153277157094806 0.46101783070906355 2
1.4470705949550862 -3.3483181533581354 2
-0.7135037122074541 -0.9087130778073809 2
2.100518119360865 -3.565805993020764 2
0.9340951909390653 1.1856986147132513 2
0.48866731612020087 -3.483287907069937 2
1.7855929005042492 -2.262205645909878 2
2.5705781885100283 -0.7758724296244208 2
-0.6788298404623521 1.1343020502148886 2
1.119310868915212 -0.9882005008511048 2
1.254578324424211 0.2956523885529856 2
2.3961078131051305 -2.291659605689257 2
0.005700899063638576 -1.1231766588023089 2
-0.49592909146357145 -0.10377773797008272 2
0.578902359375671 -1.4913700411528952 2
0.2463413357463825 -1.39533891974709 2
0.3007940334622696 -0.5100316192120716 2
1.5206138652708732 -1.0928417637670773 2
0.7482972464751207 -0.6757985729795329 2
0.8265641659063412 -1.5829926800275467 2
0.8223581479330878 -0.45827265979557297 2
0.3404054534239519 -0.8771941146805509 2
1.974519256601579 -3.470527110451829 2
1.0625008353679792 -1.9492173947341433 2
0.06050353120411167 0.48909203227111475 2
-1.170511702528389 -1.1248897051443976 2
0.2419429810775907 -1.1190055990870753 2
0.7391653858725865 -2.776935790634395 2
2.037621172275376 -0.3166407318636454 2
1.628397120375404 0.15999945170951824 2
1.3041615277643288 -0.5895477437331582 2
1.6798096373595666 0.11119241451049122 2
1.3043354650636854 -1.1947048769734439 2
0.898265446365923 -1.0294124266521503 2
0.7094177415221952 -3.763531222932988 2
-0.18662493172343897 0.5838245436034566 2
2.2045830007100333 -1.4169254719123365 2
2.7043563469100045 -1.3980719303029383 2
2.1088685484723553 -1.2994695562818894 2
0.681320692972577 0.4327177982699797 2
1.3306746783103414 -1.0044526941177 2
0.9962333848191175 -1.6450175272117997 2
-0.06628440184126028 -1.624186217455812 2
1.2796035545928846 1.0460605363123965 3
0.10560267771284715 0.6380253673298926 3
1.7240784232084345 -1.9726554017662403 3
-0.5554550748086288 1.0647364854421477 3
-0.09578292753163221 2.7617791698774647 3
0.6494232049355004 -1.260871873742154 3
-0.5470296844872042 -0.6382229081270645 3
-0.6986071048189839 -1.359306074365032 3
-0.28244621290154276 -1.9815400929035278 3
-0.9108344149109256 -1.43758777480571 3
-0.14837755314465034 0.1753814377030123 3
0.6504260199100356 0.9439514915247551 3
1.1061075127599587 5.083121206248091 3
0.14122093995542395 0.9930703868775577 3
-0.2837445816418773 0.9869069131388692 3
-1.128452506402794 3.308820208385787 3
0.17064322307789329 2.4658216479057455 3
0.5285854848374993 -0.7247478517606334 3
0.6090699879874762 -0.7481688133050568 3
-0.1607470757410166 -0.7936613841893398 3
0.4908376300045164 0.9469654880286914 3
0.16936717484902852 0.9691190858156743 3
-0.1516045295631988 2.0079456441168597 3
0.24830364986760792 -0.5319091831326497 3
0.8262056536650729 1.1811103869582384 3
-1.1054261987814518 -0.984598869204991 3
-1.1790696241758152 2.3081232821988817 3
1.1223868163888489 0.32831403354924116 3
0.3706826733717457 2.599865965184894 3
1.4326617722031136 1.3182679865023073 3
1.1746246089497885 0.8660647179892631 3
1.0812355264812268 -0.508523717051752 3
-0.6520252625125431 4.525559443454716 3
2.7011330394851525 1.5898917601404894 3
-2.9824344148602866 3.029535088966055 3
-1.0377823669653339 0.45968418315726867 3
0.16079385691204984 1.0234402234034625 3
-0.8127374652357617 0.6204577894931704 3
-0.2320459057597765 2.5653676077649274 3
-0.4815504779415127 1.9399296133075943 3
0.14269309850633866 2.005012077668175 3
1.9798500633039735 2.1665413352599394 3
3.5755086633136224 2.077617928646844 3
-0.18837836970036612 2.250164632197875 3
-0.38190561384607863 0.3142225004773932 3
-0.4904092747107932 4.3764417938666345 3
-0.7272868880237194 -0.0342436108689943 3
-0.8672412154024224 1.6387616165311174 3
0.7795626204047803 0.12223289150534788 3
-1.2901702755465727 2.7241988133166 3
-0.23899025998542797 0.44093039780400467 3
2.8779390581026036 0.7424642653917572 3
-0.8165060411104916 1.0200821939059859 3
-0.6654138804246766 1.3952071375947552 3
-0.7964863025008029 3.5239231740000543 3
-0.40567146532549625 1.4481878833209538 3
-0.011798468283448825 0.03970083006123226 3
0.9218664628229735 1.473119556052353 3
-0.4171297630151471 0.03308477399343657 3
-0.048592422498078346 2.2889465318041253 3
0.6063944846081787 0.061789031709308495 3
-0.3042976862025859 2.557046756001826 3
1.1541051620511744 2.4409948600939586 3
0.9118201184738574 3.4057136669647554 3
0.5318938436373194 2.1371087828326805 3
1.1240017119210468 1.9202454090902479 3
0.08852160828611522 1.6316141014197845 3
0.9468701269092559 1.6951330264507538 3
0.016117204221765956 -0.2333662849486764 3
1.195611291525045 0.6042540817770802 3
0.08183468480215357 0.5795390929488523 3
-0.5852158449731799 2.1234762008385677 3
0.8538547629856641 0.6539409605483015 3
0.6961620482949551 0.05092090272527894 3
0.9881121472293405 1.912950779610671 3
2.266710603728682 -0.6023103733553976 3
0.17524693243347708 -0.27775180765029206 3
-0.058969079164244445 1.542524725485884 3
0.832929324008733 -0.2729387287803875 3
0.09334579366277129 1.5024295612239225 3
-0.8108252644256182 0.5602122772461502 3
0.39838679100388547 0.21138047663343829 3
-0.7041157064407504 3.655481650340489 3
0.9147123603440099 3.44907462543392 3
-1.2394310120971141 1.7021448102053562 3
-0.1080914463679669 0.3363027404265114 3
0.03873563937420854 1.0951415766604902 3
-0.9434847863635509 1.0427452643792812 3
-0.24796817135302301 0.8755240977905588 3
0.15566906862853727 2.5144849832629474 3
0.7307181436233391 2.073522699513304 3
0.8588600032850455 1.9167412248203197 3
0.350404957044776 1.1784459928350048 3
0.31886429400138255 2.785632372632736 3
-0.6998240061809596 0.027930791675700006 3
-0.19277078949374438 2.966480013884783 3
0.9783075939713809 1.0161200229899559 3
1.5883093053482245 1.5798874885868677 3
-1.8501072059622603 -0.4941210602393664 3
0.8267687871467784 -1.0749721789745061 3