-1.6200261239530058 2.299348382020545 1
2.97381123072673 0.005326376054442417 1
1.7927197785212514 2.2326196718127855 1
-4.7386154046653735 -2.561239611967684 1
-4.4052843443062155 -0.20328340038844073 1
0.8187695720899397 -3.0104852024079514 1
-5.17974321102686 -4.3676202788179515 1
2.602900217251277 1.1567891225418445 1
-2.222914133397595 -0.5937609110706054 1
-0.726248330632771 0.749501935926778 1
-4.947671556181749 0.3205753185648059 1
0.38128924134197373 -4.982367610133397 1
-2.1005053277588877 -4.455617944205612 1
2.783481546896815 2.3167099469456467 1
-1.224125253148856 0.9078481093885684 1
0.8299606039538572 0.05028282572094467 1
-2.3537421420519253 -1.8032632533522204 1
0.7698809821420569 -2.847873243783731 1
-3.7174436804193944 -2.7626021095476903 1
-2.7900092392882136 -1.3971485439373867 1
-2.515204145301671 -2.8356997826918153 1
3.2938200837333103 -1.1436374963151392 1
-5.568578188523673 -1.2615188618599926 1
-1.9692695955614217 -4.432794965383094 1
-4.263138787962003 0.5156048251926808 1
3.6206853951142604 -3.3082992437663052 1
0.7125672629157882 -1.3961760123999776 1
1.1962007231103322 -3.5293201365112483 1
-0.8218195405175085 -4.64101486169209 1
-0.34565076901654856 -3.4111601117197172 1
8.455925939503837 1.1292516545450408 1
-5.124244727595701 -1.370939858308816 1
-6.244619896072966 -6.613540305415797 1
-3.549767217292921 -3.6981592238556655 1
2.707143228869632 -0.540806569440351 1
-2.145819092746034 -1.7136561939327266 1
-1.5356966550382984 -1.8304681222648513 1
-3.3542733215672857 0.6354931152766634 1
-1.2041621416217547 -0.45663269808215123 1
-0.1460263794192983 1.4764280813330264 1
1.4736378905849734 -3.5815737625038593 1
-3.11501502450321 -3.617612234238783 1
0.9163074389383035 -1.5510924060274216 1
-2.7759319118025645 -2.6397692915513256 1
1.2544032944990646 0.6866975773648536 1
-2.1255805670070655 -0.2137901554886118 1
3.982806299602582 0.16780849835439793 1
-0.22977154359157104 -2.6893978054882055 1
-3.1966820880088425 -3.040214626046324 1
-1.3319852257487401 -0.9085484264465515 1
-2.747236808109767 -1.8549964668480623 1
1.0575929343660024 1.8459905615889731 1
2.0385425474811836 -1.0111502037424296 1
0.5489040191359238 0.4913821122922768 1
1.8709779432668956 -1.4699602759114514 1
0.8143523434477808 0.8127718428450503 1
2.352812866177935 -0.2579814749890452 1
1.0192340495818213 0.7186647137644309 1
-0.41055433230732885 -0.9832721035021995 1
0.8456704476117585 0.6026108840274818 1
1.3860921736148333 -1.796562054725213 1
-4.011087048243326 -1.6433663164879735 1
-4.030465414246934 0.7665017147508468 1
-1.9625279151572816 1.2433063409004061 1
-3.0736027102150962 -0.6369946782395006 1
1.6693934987667869 2.853883888685658 1
-1.0381064162448395 -2.1887494228264592 1
-3.458693750372428 -4.6274015743701895 1
-3.18488527692919 -3.476913545123557 1
-3.6882879739550347 -4.229419249366234 1
-1.529227751539119 -4.409009032693948 1
-1.434497423358799 -3.570843443832303 1
-5.0874302488492855 -0.7146608191261582 1
-4.56391696716557 -4.923011797548588 1
-2.589324499787165 -3.2658121329236502 1
-3.3328221317726046 0.8069128916404553 1
-8.24503232864071 -2.8251802708901206 1
0.24436029083373367 -3.1642282903559478 1
3.7399105103044628 -1.1470498729045322 1
4.485218206937748 -1.8749037012266903 1
-1.6543165094021766 -0.46391975795682805 1
-2.7604120292445704 -2.9358937220372168 1
-5.008923352659289 -2.1976865897584004 1
-1.7661849784480177 -1.5979628435924584 1
-2.253106734510661 -1.2415951005666328 1
-0.2569286306035178 -1.4550819354646327 1
-2.866828212155415 -2.4969030750025434 1
-1.9152196171394995 -2.372672058770725 1
-1.5402355177812042 -0.7064551069538423 1
2.0377320863890573 -1.3874512293315324 1
6.543852157467714 2.680581610329997 1
-1.6895879300767571 -0.33093819959586557 1
-0.8569149490731096 1.1121950306301316 1
2.5975128319412955 0.45926836975279106 1
-4.1364586834062695 -1.6186371712408771 1
-1.2759663996790467 -3.152645106739614 1
-3.558620814680139 1.250278782221553 1
-4.622942969015336 -1.8148753974546064 1
-2.591109955828509 -2.2530073450585073 1
-4.687793602433374 -0.7820086673307625 1
0.953713344058321 -0.8666083769709508 2
2.089159358934886 0.10429350727993736 2
-5.183864726422949 0.8582605867898745 2
-2.4488454958530284 1.4211338728567213 2
-3.537825759121307 0.6179584080145928 2
3.3733104129559495 -0.080265354493119 2
-3.957512342384371 4.186113563585766 2
-1.9583618174426078 2.123704355499813 2
-0.1311064592689528 0.8426211282143656 2
2.0216123976503146 -2.7860007214632256 2
1.9634864371428398 -1.7315821942876868 2
1.1225515447344798 -1.0333071669482268 2
2.3647928177195743 -3.319849529872584 2
-2.2433011262271334 -2.880035102120344 2
0.5443283732338338 2.7067916061667665 2
3.2441651623441072 -3.925691129138857 2
4.061493313697003 -2.4633578856670084 2
3.555276432125134 -5.085894292862103 2
-0.7383649248551181 -4.6937638499545145 2
1.0385356720471028 -0.09724052198375588 2
0.8129447282627028 0.3112687316638514 2
2.156476956981404 0.9429212487012366 2
-1.59873903774842 -0.7061700088553756 2
0.9578107039242978 -1.2257308428862137 2
0.4946532745209944 -1.5346010929008256 2
1.585513180309969 -4.592492363093891 2
2.5772838023298763 -3.466267309999532 2
0.6652190757700491 2.0574782722905436 2
2.3929550071602526 -4.8321480209465575 2
3.039329557687622 -2.340091505326712 2
1.113081437713708 -1.1484165186845028 2
2.2816334266024567 -3.8289007608276786 2
-2.9097891399498486 -0.9172582615883268 2
2.2719942532605186 -3.1905185474710027 2
1.544859864064048 1.7913353000541044 2
6.187414760463474 -3.366148993657075 2
2.0413477824775477 -3.923205325296089 2
2.586338378587829 -4.856117393966638 2
0.35764896135872326 -1.8791988488909022 2
1.965272862437796 -0.9723357908372751 2
2.7540498312469097 -5.971338642548209 2
1.5200381309897146 -3.8731447462531774 2
0.9094400008913048 3.0039355828453322 2
1.1635017775831558 -1.7300842244037153 2
0.1326456098777664 4.007082300964185 2
0.3744954916645381 -2.22103187581175 2
1.2164401145077939 1.5775258568333097 2
2.4691807739704634 -0.43185322619573696 2
-0.04436008132103075 -3.8513244253679186 2
2.326881521873843 -3.432052714906665 2
1.9523197174157074 -1.6093825222280889 2
-1.2380384396446211 -5.588025093450907 2
3.2575462696699846 -1.5917803265925874 2
1.6307715170639292 3.5783695702948606 2
-1.5081442501088733 4.644264921221606 2
0.9380880637691448 -0.5020771849895529 2
0.017883022410377314 -4.60711206303025 2
2.315830721311697 -3.525781399176487 2
0.17577877461910507 -0.8300230223281061 2
3.5375483259284666 -1.9848508481197893 2
0.09346712822806513 3.8964431127516894 2
6.161890882200798 -4.94381181752766 2
1.7066815297857176 -5.65301674521297 2
-2.1979669927884995 -1.5819045119190573 2
1.1192054084461835 -1.9401511441379207 2
3.9258623291976567 -2.7459108135707915 2
-2.1971864691022684 0.7397524834909106 2
-0.15764574295430944 0.5030776260336303 2
-2.9082022951344446 2.0106797370956606 2
2.0953536881197876 -3.507227903034592 2
0.918735901731176 -4.977687280385002 2
3.4835272159076713 -5.521366694360132 2
0.45769586859140976 0.23296838724797397 2
-0.5888523959583514 1.9229199438120372 2
-0.14292379311515568 -2.4431815035182023 2
0.9955457215154688 -4.256014966894128 2
-0.43152313396042996 -0.7627258190973553 2
-1.2682834926799003 1.6299115334782908 2
-2.0347263734507886 2.195884312545403 2
6.35595843210397 -4.710197127891783 2
0.5685452620492735 -0.04071296332359675 2
1.5906748133019004 -4.758149421360351 2
2.7184048080732532 -1.727107562976316 2
-0.5313176587474329 0.6657553137659982 2
1.638791271442814 -3.70746283325059 2
0.919450562505582 -5.27155347072943 2
1.7871370224991212 -4.178474384140326 2
1.7752390947460093 -1.2344701376828715 2
-0.3949925012332527 2.193559952195872 2
0.7994041389480069 -0.17211299282565096 2
-0.9905045364529999 2.8210072472936925 2
2.4016787154201684 -0.09308244736411697 2
3.2462528231837435 -4.580793954127291 2
0.7281535413597389 3.9276810371813458 2
-0.8098629956186436 -4.7233169756528515 2
3.0714546217981846 -3.4487427553895547 2
-0.8560645998454821 2.746285519032942 2
1.785482101308242 -2.4716735922906774 2
-1.6777257416282367 -1.58846734549081 2
-0.37274493153447175 -2.202343052935457 2
0.7483904469418454 0.4790651279886945 3
0.7912836093923937 -1.3889905540357317 3
-0.4153286585541608 -0.2664869543635089 3
-0.13966903200229175 0.8707967732288898 3
1.595721774167352 1.5142584414621298 3
0.870152453506668 -5.924597900697254 3
-0.3571251786907264 -0.6340778760093406 3
-1.1988832189639387 0.36331880767892155 3
3.002282310835417 3.8184878143242087 3
-0.4072100397268015 -2.123675959942928 3
-3.0340875546277792 1.6558474666012235 3
-0.10608665590113371 3.4948854747211615 3
1.6714080084895473 -0.04838585402647877 3
1.7852018032204195 -1.052005304795816 3
-0.5746349980347624 -4.6450942933433215 3
1.7033431465499356 2.6233942787310034 3
1.4552705642473487 1.7106383793495108 3
-0.6443082752267002 -1.051918220649517 3
2.4666201335802853 -4.2643093195759345 3
0.7584918204143886 1.7149579689227743 3
1.614243202284961 1.4369378113022822 3
-0.916258964847019 6.847495781268898 3
0.9580331372794194 0.587982483707749 3
1.806167112671357 6.690820243134159 3
0.3567497432562198 -2.759262351252915 3
0.5448045134524143 -0.1810496991798347 3
-0.5544156242406718 0.821508413495539 3
-0.6467624057289701 2.993865907827863 3
-0.1795791957534412 -0.4936834899848159 3
3.3895098291782646 3.7553804005961293 3
-1.4470064711780142 1.617040694087891 3
-0.8168638989534517 0.8949302355977401 3
-2.668156440034081 2.3895407951155154 3
-1.3998729991081085 -1.4401753387951466 3
0.5091127991895714 -1.8726035922383688 3
2.4641123377544893 4.079267191188173 3
-2.7308413565438925 -1.958199157390788 3
3.912888149873734 -1.84378040873659 3
-3.818061627300126 6.126374237737716 3
3.0708199753039684 2.463847603662373 3
-1.2331201494839334 -1.2955649081172274 3
3.047855577890005 -1.0691948636694923 3
-1.5699604361747224 2.7898413470877736 3
0.5862336483922455 -0.9744865438302344 3
2.442838644874645 -0.8660695079118468 3
-0.17994193515319234 0.8589561245829762 3
1.3677234491470047 4.829533825586797 3
-0.9623828080900368 0.6021519895060405 3
-2.0608070547241533 0.2803414612772117 3
-0.6912744207848472 -0.36346261291136583 3
-1.390704506840655 -2.889760620252672 3
0.963796851937553 0.7533781509018219 3
-3.1341482711347175 2.4978948584984018 3
-2.009114223534341 -4.189001204545124 3
2.6120662102271806 -2.1940188039685826 3
-1.6305719941532206 4.060810351423638 3
-1.1391154028339916 0.947126172600754 3
-2.660399759469199 0.26047800460112236 3
-3.3851344326091133 2.8141819466786737 3
-1.6100991001562597 6.572599147469431 3
3.6258848625836047 0.4252290670622412 3
0.23424675109328802 1.4526275122305254 3
-0.7505942325351717 -5.047145905579109 3
-0.8207213266895289 1.763695709183551 3
-0.8716365190005649 -0.16179585846317535 3
0.26268734147020584 4.802488106971623 3
3.0820937352183435 3.1080262247984654 3
1.9173637296777422 3.2354611542603124 3
3.4157784169108565 4.141326904672896 3
-0.41149571715656896 0.7449825466814901 3
-0.3799737645096445 -3.6570346650324543 3
-1.2318832090147993 -5.97407285844116 3
0.5873704577223379 3.696185207281321 3
0.47280540174515623 -2.527302044230777 3
-1.9626568593478144 3.045099932614049 3
2.309833799040518 -2.684404611522734 3
-2.906359785308697 -2.166466297960799 3
2.816895807516392 -2.4724998139940833 3
-0.22812958272086734 -3.843241641013668 3
0.03521763188388401 1.0150958276402422 3
-2.4696691978368905 -2.427007021154127 3
-0.47359719419779417 2.0219954552254045 3
1.067502724022318 -2.248712478192321 3
-0.5719599687179423 -1.0148308101639705 3
0.2063432708458077 2.5428553956059226 3
-2.9229622506059356 0.6091768636586239 3
-3.8943148068625457 -2.8469214081295005 3
1.5604808874852636 1.7632087850242515 3
-1.0341783128816124 -5.208578772025721 3
2.2611149383379385 1.0700621640759886 3
-1.9937630798294887 2.4937248411921704 3
-1.4780085205133189 2.027942264582518 3
-0.3024910715589261 1.0946143584225352 3
-3.7241807959912636 1.678106684337635 3
-0.5104940186035165 -3.1600512716531775 3
-2.7122382919491623 -3.916268655939965 3
-1.1726884872918129 -2.572890258757064 3
-1.9463587135660165 3.491276303859445 3
0.6753326341806081 2.859248521823245 3
-0.04512934055059394 0.5241081156211159 3